
[Seed] Seeding database with sample data...
   Creating 100 documents with 10 chunks each
   Total chunks: 1000
   [Success] Seeded 100 documents and 1000 chunks


[Analyze] Running EXPLAIN ANALYZE on 5 core query patterns...

======================================================================
Plan for: 1 — Find Document by ID (should use Primary Key Index Scan)
======================================================================
SQL: SELECT * FROM documents WHERE id = '0768e62a-f95b-445e-9393-2861b0f235bd'

  Index Scan using documents_pkey on documents  (cost=0.14..8.15 rows=1 width=870) (actual time=0.011..0.012 rows=1 loops=1)
    Index Cond: (id = '0768e62a-f95b-445e-9393-2861b0f235bd'::uuid)
  Planning Time: 0.055 ms
  Execution Time: 0.024 ms

======================================================================
Plan for: 2 — Get Chunks for Document, Ordered (should use composite index)
======================================================================
SQL: SELECT * FROM chunks WHERE document_id = '0768e62a-f95b-445e-9393-2861b0f235bd' ORDER BY chunk_index

  Sort  (cost=19.66..19.67 rows=6 width=144) (actual time=0.017..0.018 rows=10 loops=1)
    Sort Key: chunk_index
    Sort Method: quicksort  Memory: 26kB
    ->  Bitmap Heap Scan on chunks  (cost=4.32..19.58 rows=6 width=144) (actual time=0.010..0.011 rows=10 loops=1)
          Recheck Cond: (document_id = '0768e62a-f95b-445e-9393-2861b0f235bd'::uuid)
          Heap Blocks: exact=1
          ->  Bitmap Index Scan on ix_chunks_document_id_chunk_index  (cost=0.00..4.32 rows=6 width=0) (actual time=0.006..0.006 rows=10 loops=1)
                Index Cond: (document_id = '0768e62a-f95b-445e-9393-2861b0f235bd'::uuid)
  Planning Time: 0.105 ms
  Execution Time: 0.029 ms

======================================================================
Plan for: 3 — Filter Documents by Status (should use status index)
======================================================================
SQL: SELECT * FROM documents WHERE status = 'DONE'

  Index Scan using ix_documents_status on documents  (cost=0.14..8.15 rows=1 width=870) (actual time=0.007..0.018 rows=21 loops=1)
    Index Cond: (status = 'DONE'::documentstatus)
  Planning Time: 0.077 ms
  Execution Time: 0.035 ms

======================================================================
Plan for: 4 — Search JSONB Metadata (should use GIN index)
======================================================================
SQL: SELECT * FROM documents WHERE metadata_ @> '{"language": "en"}'

  Bitmap Heap Scan on documents  (cost=25.73..29.74 rows=1 width=870) (actual time=0.047..0.055 rows=13 loops=1)
    Recheck Cond: (metadata_ @> '{"language": "en"}'::jsonb)
    Heap Blocks: exact=3
    ->  Bitmap Index Scan on ix_documents_metadata  (cost=0.00..25.73 rows=1 width=0) (actual time=0.039..0.040 rows=13 loops=1)
          Index Cond: (metadata_ @> '{"language": "en"}'::jsonb)
  Planning Time: 0.065 ms
  Execution Time: 0.068 ms

======================================================================
Plan for: 5 — Vector Similarity Search (should use HNSW index)
======================================================================
SQL: SELECT id, text, embedding <=> '[-0.9146375282808532,1.9571445948765491,0.25944887250838433,-1.2687495454595543,0.780369442766579,-0.2512637901695626,-0.31369296449501854,-0.2870601322532767,-1.79003134613675,0.927723923214404,1.044605613346381,1.5744438898518438,0.8039827870258814,0.2699208362378133,-0.0416768077239198,0.5583399356349825,-0.5539244357374905,0.5893319242991096,-1.1834938167415294,0.6760215220466823,1.8592452068877487,-0.26884563913943776,1.2530168938245925,-0.5333261501050484,-1.2259716424713196,0.31608701046639076,-1.2760385488814798,-0.023770587052892124,-0.7264126694071779,0.5785587273495862,-0.32745895220266497,0.7218683315988128,-0.39878567253004543,-0.4581758302667682,0.21580785195585078,-0.2898665341492524,1.3245814465137922,-1.3440489427638556,-1.8792734187332,0.6791161847225148,0.20820098611673815,-0.3084452579912774,-0.31756328534437295,-1.1072149207014088,-0.23278413198519637,-0.5569911882084099,2.8821814165556874,-1.483155231533872,0.6770506427536789,-0.6412346753532963,0.2820837631287337,1.0416022570226782,2.324900126041117,0.8074413725229229,-0.08894739415626901,0.8598404293331607,1.389238176261634,0.6637108574852496,-1.8134137367301904,1.4219269405384176,0.2148173800197946,1.073847819762242,1.99741750916986,-0.27863492060118783,0.3892785372269881,-1.39580774300388,0.15862139516013438,-0.6286032690635468,-1.5947759463312645,0.878684725564257,-1.122003475666063,1.736511760743132,0.6397786428366398,-0.4822360664319006,0.2902902666807049,0.9424982688830097,0.5010433873887962,-0.033623652628438264,-0.5227948964255178,0.5939352856800402,1.487613151271961,0.8617175780921646,0.3798550059359813,-0.7930507701125176,0.7453062329710263,-0.1610494122391525,-0.0663549265422442,0.43361198350385705,-0.6571057329672616,0.1240254002087311,-0.08021984250117575,-0.824449745509991,-0.5209547580736036,0.9772370944672295,-2.523604883463707,-0.5589797721292187,0.3900607487091676,-0.2723680867217164,-0.29036547685109126,-0.45529203319896716,0.9210871857261113,0.7035605268214339,-0.39749978184632945,-0.4883183571186597,-2.582029402472922,1.1946553452840636,0.74508012167611,0.6315511131524753,-0.132030577038363,-1.536666054345816,0.8136748592231855,-0.3864575967577964,-1.4726103653878229,-1.5041139497148648,-2.5287625040303965,-0.7381071289133682,0.6931294488257586,-0.7747015708342356,1.5299497206537302,-0.6561265303511563,0.9372084215854675,-0.023583703876882,0.2408720887190078,-1.031931257122567,-0.6561047228780783,-1.2540509994375502,-0.7077824798271859,-0.14130420010410055,-1.8692748943014852,-0.6575698947727441,0.027129149966510422,0.39090735904603907,0.9316892341702318,0.3413770207841027,-1.0156476706465338,-1.4116557353984522,-1.4579097029395833,-0.52751155039518,-0.3644278869096134,0.9107206859553282,0.23882659202704848,0.799908111136713,1.7571098258211402,0.9090917921288123,-0.24633281823235229,0.02492880829385703,-0.3173149993907223,0.015173418519381492,0.06904385910736216,0.3455614599816614,-2.302838800058561,1.4567214898938774,-1.1982980632573144,0.11023403754478314,-0.449065287306742,-0.6913761863723418,0.9586618550582231,-0.4267891777687193,-0.28749915316205005,1.4525884935368956,-0.022487877646476112,-0.9433272520146133,-0.2358375035090596,0.6884421718345205,-1.0467788372508806,0.9793087181435755,-2.5789831072483347,0.5815460856805955,-1.847919024958943,0.7151224664773782,1.8892766460421224,-1.713561694934484,0.7069478003117682,-0.951615517017089,0.8981595930170866,-1.7837754801362393,0.5881477394522293,-0.055972164712336216,-1.0539257613982937,-0.30091178636181953,-0.7664674563289151,0.6152183673774593,-0.8488559086695622,0.8534925628213099,1.8479188884920432,0.006612655462372695,-1.4144954427950136,0.17320737961739252,0.09628759153376415,0.037698497406527115,-1.6003880137476618,-0.2541634177484578,-0.060728486600247385,0.32172498826487955,0.5101108127644676,-0.1862206261482203,0.724877166636934,0.05312800403575521,0.1518470129991207,0.7725850953399388,-0.9561393402356984,0.639601347243883,-2.233424035285951,-1.4835982327641937,1.6676575799746753,0.38309447519516243,0.8429078965580084,-1.0327002065900708,1.9657570165193237,1.5391770234744948,0.737455505542778,1.2583648944783392,-1.1026321379331174,-1.2280305502061752,0.5131623573327688,0.09923763912178227,-1.2489303783300922,1.2267629969456928,-0.8606781427389033,1.1119278747744639,-0.4221617258132225,-1.8687841869578508,1.5034481986448636,-0.5561370218830453,0.013730788609759705,-0.3460804324498365,-0.022280932798016646,1.6130474998909912,-1.4000764588991392,0.6175114461824358,1.1389879785063837,1.122577293003047,1.2341741213291986,-1.8117464730584285,1.3184535983570462,0.4423505435068589,-0.32161288266106275,0.21399715068357994,0.9549084115717651,-0.3169767204776235,0.3299343039211933,0.28429518239911755,0.7396364150863346,-0.8525900995036126,0.6806166597066606,-1.5606031464408863,-0.455000072815974,-0.5514142767582652,-0.017995988384225007,-1.7417841901310587,-0.8778647152703911,-0.47648855919903405,0.2039307814672084,0.2161282524322983,-1.0126386561450278,-0.16588289004244733,-0.0006431671594421036,0.2532820657000879,-0.21932463108052158,0.19730373297030018,-0.01940188006318698,0.582208792651536,0.029768598163285014,0.5542467245487195,-0.7474021428939398,-0.07842192183040998,-0.8341157950398554,1.288337214636508,-0.4496248695915834,-0.17547074356703385,-1.0501464621877439,1.1508667524808862,-1.4433404971802053,0.6171805746781812,0.6353913850057883,0.013390514541506955,-0.12483650683180388,1.1404359430204605,0.21347456950381713,0.05162107235402932,0.6052629590159031,-0.7337165796996445,0.19839631318298534,-0.6714722986766254,0.7950999193048585,0.987025695600494,-1.9503992759828954,-1.0974248731157097,0.6073153029962578,1.4052291282655582,1.192592056482034,-0.01981269560921806,1.1339206326816587,-0.8804988545416458,-0.5539254959696924,-0.9382173358185499,-2.120247493696509,0.3039064628816388,0.22392915669341346,0.17087377826940753,-0.7002509266250213,0.7807936450790308,0.8995196008244754,0.6293373581013906,-0.3054234963039329,0.2887644693305484,-0.9686826980137725,1.243324563709513,-0.4780960975775964,-1.6473018914755226,0.4218857593303702,-0.20197311839226195,2.683623551189614,-3.3010729408349477,-0.06589327336797664,-0.3539524876571675,-0.7760812360545303,-0.6963759556493169,-0.5229097828855116,0.02547370255548287,-1.545646048396275,0.6780239622440272,-0.3116649984957216,-0.7226062349211542,0.22695643038077576,1.574648352670964,-0.48297816235412,-0.8484463339631972,-1.026418767372404,-0.5056180292578037,0.1081331267406239,1.0760206347887717,-1.0084796521372654,0.09711325312015023,-0.14289923411666564,-0.4211151332564324,-1.2111844335545465,-0.3585272600172995,-0.09122542524214981,-0.3582033310272819,0.6768145124889667,0.047298241622625734,-0.46527077817403256,-1.10886263153892,-0.9815489059703947,0.29838281281808665,0.8470811479964209,1.4202847905894516,-0.8461047668523367,1.6211033087088673,1.7754188633492944,0.9411405726408891,-0.8468278024616508,-0.6604443891907067,1.0365404432832332,1.4481716568370597,-0.39857734767699177,0.6069988770847138,1.4724744654335715,0.042266418857025756,-1.4412553245009039,0.9207511481990791,1.586949773676483,1.1342084534891705,-0.6026861913117988,-0.9658649564523208,-0.4479957192064875,1.2045137767559229,0.055620376285204616,-1.2443572931855813,1.6544804696073911,-0.4529322937087896,2.2750337375811096,-1.583749361448803,-0.25971874333537764,0.7554704781570686,-0.032094309702823585,0.6632717048599086,-0.8613182013432921,-0.28988139776632055,0.3916827171397714,-0.5099416823236165,-1.2904059921556725,1.0864415550407214,0.1778111672249355,-0.20880280264704637,-0.2983654853833727,0.9934004253074792,0.7820294763308443,-1.721797454845697,2.3346165804686674,-0.9465720593982513,-0.9016736598221562,-1.8908668948712088,-0.05696364753155683,-0.33321177628822257,0.48727357151328027,0.8854117680474476,0.07945912352194175,-0.9289995986168442,-0.9617837618158991,0.23072153004120652,-0.6600820045194242,0.2894931115482888,0.7227665234729994,2.0474696488058846,-0.7195791340912853,1.2550527149619914,-0.14811550518990776,0.29707378594118605,-0.44013425518049754,0.2651176297839759,1.9721776255047712,0.9139829757032253,0.7050375806987053,0.08135439499488611,-2.066823037726928,0.3740444556437283,-0.043969622325447065,1.1550407657793254,1.142537066133465,-0.8274044582544184,-0.5368744923005518,0.21826988281758017,-1.1322157392952983,0.6651344897912306,1.0832330241964339,0.599763432965262,-2.486532383103088,-0.5686443162422818,-0.21961662212348032,-1.4315726685647967,-0.007927311843145775,0.38669355585074566,-0.16616075321391452,0.9787480992758869,-1.5709193561722972,0.2455843726320956,2.297397447723166,-0.06748076697641911,0.8151005404422411,-1.9350824766617643,0.29055589038708357,0.4631600390419717,-0.20611265073777457,0.002209423855344361,-0.9472868001524646,-0.6305299829285743,-0.8203637167746234,0.07632060925070158,0.058605857162445894,0.6552415868404668,1.245138598810617,1.379170612408228,-0.6462392085377426,0.3861744339870195,-1.1584384194344934,-1.6623364017852695,0.8634614241004398,0.176554217535477,-0.621183679857491,0.6854971246061661,1.9938596706285918,0.3235844068047951,-2.006520787470523,-0.32256328739118173,0.36907747800345214,0.6769329246434945,0.3910125524504648,-2.5967552972205996,0.21197939371367455,-0.5257370531937762,0.5403914810616003,-0.2736930290744165,0.30065582879279823,-0.37129836630137447,-0.3083241349550651,-0.6389884905431304,-0.06702588760583639,-0.28812442725817705,0.4515140728679972,0.514973767748802,2.4336848854885154,-0.19909628709392366,0.33455474484463393,1.2059782438865951,0.018841292248186866,-1.065159389286573,0.10595080277095137,-0.6215722184872112,-0.44757556195521725,1.3891642375558053,-1.3707128714513972,1.244031254180465,-0.29461754953779923,-0.8668391604880294,0.27078558209989423,-1.1993624204332227,-0.5891595625567585,-0.37254982728777897,1.267573977712497,1.041123054008205,2.175500749504951,0.7043814116627989,0.6147313459948666,-3.0363950437045215,0.13035427660053978,0.9167567725164503,0.9825379834663006,0.3236393592431451,-1.1593842819324383,0.23595746533354844,0.1615997351074252,-1.768060670524036,-0.2758914301661206,0.2129445458962961,1.3166143712394138,-0.5260484779498573,0.041387805566442774,-0.26762871358108115,-0.40087329188212745,-1.8732906011987922,1.7977659501348882,-0.10600236791876888,0.20835325249467496,-1.1659722836717277,-0.875593419711739,0.13987816738938552,-0.7366602525776508,-0.08446356972921944,-0.33377904129219527,-1.6673242592135127,1.7348114912497534,-0.4148561486962834,-0.6474427655560683,-1.3402364261577175,1.0474820272121739,-0.43483264319681747,-1.177664108214571,-0.15961894745525723,-0.7562957613077216,-1.8347396625465102,-0.08578713913267949,-0.10318263271817839,0.2710938915306588,-0.4271449245348998,0.4906656936851508,0.05071757698721619,0.1943345086959921,0.7245449679860381,1.9521855606919656,0.4503356190494865,-0.23905310078138303,-0.10233160305894828,0.07990584285876692,-1.4931837153215166,1.2757965473890722,-1.2117572069102898,0.5435859144963301,-1.1452322516537363,0.3395702021004247,-1.015239932187433,2.702887282812323,-0.3184746832625021,0.5678073932284095,2.191682307180395,0.0049096409961730016,-1.5403571024601586,1.3255830543198523,0.6474507389562889,0.1391367187184751,1.143194214499203,-2.144997228604567,-1.2995959330976603,0.5619645580015875,-1.209860136748192,-0.10859166101817201,0.8918780900803519,-0.3925104988121648,-0.3540166536462994,0.40581882697286936,0.08920243696705016,-0.5050211005267882,-1.4726622989799503,0.37377871450978584,-0.27807519527742913,-0.010678100267024716,0.5181782644110042,-2.1338254962080465,0.816088327715342,-0.18279525963020726,-0.28689595257535816,0.7698683112509117,-0.7401672718186247,-0.44861179928746286,-0.6163359066391987,-1.0043465757216699,1.0698244664713468,1.0758590863313153,1.083471868689742,-0.04288633184901782,1.2949206432253477,-0.3191763537837565,-1.1194898192291303,-0.5695350434949589,-1.2050855610508338,0.608094173131558,-0.6136292253325165,0.2656720445725399,1.2408847037980333,-0.3474136272565,-0.25155598267635276,0.7389906385332835,-0.3064352880810599,1.0623776805236784,1.303739757124819,-0.30521909378688167,0.41571912252665866,1.3995115318993148,-0.15463087485579266,0.9021413386860179,0.13950856587274651,0.051379080980809226,-0.8803639310889839,-0.14199715338388372,-1.3161259945677204,-0.33108451286569757,-1.063349693655314,-0.17926813064198213,0.8874304547186351,-0.02643463160928733,-0.7030677417105575,0.5647527550963931,1.1579685976214957,0.02973537865878814,0.18666642159723026,2.3482348527791674,-0.2981080315318612,0.9217852057597535,-0.042201770402268884,0.6639922884705735,0.6077705176677896,-0.3341911602744182,-2.0075393015422383,0.18077225124351418,0.3474951843189592,-0.5132165758342566,0.42753745019712613,0.6516104231908599,-0.8794917595011508,1.621642782790338,-0.8456668504631947,-0.7578720307257933,0.4311741827789323,1.0052458324794158,-2.096416947539272,0.7678171212050064,-0.30700656484854993,0.9293207597344426,0.1881958650491578,0.06043093241073289,1.4310333880613912,0.11081641360555072,0.8598448144582336,-2.4143207101062196,0.5816275972212444,0.34756352511385785,-1.298408865028731,0.1431741954986083,-1.3488145804288278,-1.4721947775927444,-0.5897448074913237,-0.8667459143169427,-1.7967308884209598,-0.4079506148137567,-1.4741123755969319,-0.5111711066921427,0.23277767274978267,0.10066564243252749,0.26233966150422144,0.16000107319113974,1.4702129455728072,-0.4687918086471625,0.9854352601828793,0.8999936026200167,0.8192018967745416,-0.13604713678704528,-1.036509735412651,0.6823015625195872,-1.9219426119408722,2.0710109103739662,0.32394081384088314,-1.4408389916638726,0.0074004159173200286,0.3283775830656449,-0.8305067698604647,-0.9117206560753888,0.43814319701500937,0.6702741940181549,0.155450365774965,-0.687609505813866,0.37370270479804857,0.6709313039650827,-0.2498166594331724,-0.03721006310051701,-1.701371894452502,0.42050138926870484,1.3340327525662214,-0.3631858180180161,0.9111957499448713,1.4835133204005584,-0.21144283302681807,-0.46145476923909534,0.721422078013076,-0.16025454391882066,1.130203787417924,-0.3736282539714886,-0.7199582499089685,-2.2372409993825175,1.361192898820323,-0.7672052988218196,0.29560337909384954,-0.6775579940416,-0.5509142025122263,-1.8756903328285477,0.770277716947855,-0.28639864338197774,-0.2239187419244895,-0.4354915003498425,-0.06653764395465663,-0.7133019240507428,-0.34756040805446,-0.9947685190483875,1.0894482400729188,0.16247732192908004,0.5695007249930214,0.026820113501111176,-0.21509521869938666,0.9922740793476972,-1.5131191706440965,2.431168461675056,0.4934640405473976,2.5755231915744354,0.18811811579874693,0.1214111263530598,-0.07136165625232782,0.2572267379646803,0.7673427213444107,-0.843619291616524,0.7384989616182616,1.0490227324174233,0.6602416861524312,-1.6458252693113138,-0.662359122672013,-0.588003747742515,0.11727233418178576,0.339029877559868,0.609858494583049,-0.5314415546429997,0.07088794814130152,-1.518063864322944,-0.150439002944102,0.5987089506778761,-0.5063773170344738,-0.3389086846987454,-0.09342093928388057,0.33693222973624354,0.7174069286340747,1.0104032080025136,-0.24685255007661075,0.3796841451737701,2.391305609223385,0.7498755692175253,-1.448218800339963,0.22989657973369493,0.8089489706628368,0.517335143042265,0.6301064701823162,1.136096794081504,0.6686352871033562,0.034671838133080404,-2.014419630626464,0.39276355299551907,0.572434861876535,1.7810331338416312,-1.0591989653359313,-0.28114423842087327,-0.6995145362659093,0.1059829623981571,1.2946832907598589,-1.697692162111412,-0.11726891058331501,0.8979022507497971,-0.22552600580889584,0.7024943004621818,0.1742734719043372,-0.312687931200076,0.2477356888978526,-1.670269392754192,-1.0649413234035652,0.8409730111455999,-1.172405912614189,-0.5211209157688699,0.2723001713541166,1.1218411096193863,0.4311893968249721,2.1765073821107217,-1.0345584465595332,0.2516265173814742,-0.6976157552742224,-1.1370651365404154,-0.17894038660004888,0.12376722863640202,0.6022388541666195,-0.4367042609283429,-1.0865320524860105,-1.2721993397695752,-0.30172231968511476,0.921219934248476,0.04396460672183356,0.41690497336873794,-1.177528465772394,-0.8704329218412279,-0.4963558705156071,-1.0509633928340656,-0.5763619517450973,0.5704509892502827,1.0981527533842523,-0.9654147652023287,-0.2882886351063523,-1.0392990122304082,-0.9980793275801162,-1.4299161241379528,-0.019765465076725816,-1.2064117928179057,0.25511768942273383,1.4227290037310056,-0.6714175865575586,2.5710765874122856,-0.6768389890420526,-1.0239941961986843,-0.4589550124130979,0.36312632311979587,1.5166641340429805,0.06548815148527486,-0.3933789976724443,-0.2014458402333748,0.4887670206210373,-0.9083229404869263,1.4626524615511736,-0.10697778407349282,1.3955721205482081,0.9469082787879148,-0.6130400568235289,1.972560577582806,0.2884285526961608,2.1647624436052197,-0.6589597337681179,0.7633284371322506,1.4010230194616855,-1.2620575303584274,0.7988490701058982,-0.16154507319157768,2.140255096405457,-3.9317879927183434,0.6465834715258995,-0.5985556634018958,-1.8448507734198247,0.49918332814681876,0.3570187600418934,0.11910891072355355,0.4921307799886045,0.5299646058158957,-0.10067100390905648,1.0470941065985735,-0.1246544573005669,-1.8305432215551047,-0.6069018347907201,0.9730291876039215,1.2599795549297685,-1.1586925477692491,0.45480650220397933,0.9258167942718512,-0.7435180429547753,-0.057581340878841765,1.672096161356281,1.2510198555151175,0.0878421921928336,2.1486733085521474,-0.1526537008055103,0.9612101358753644,1.8259418768727822,-1.431419682802457,-0.5132968712583779,0.36844174233742266,-0.34779763955007387,0.670738597641946,1.7069558005568213,-0.8254989328042447,-0.6783331767242384,0.9188860359299299,0.9537480706041974,0.8299157957916513,-0.4970368930015929,-0.6392786038170527,-1.88960550851792,0.42659547163722883,-0.3285676720771243,-1.4509095864031878,-0.6799635242738913,0.23925233965028853,-0.3196096201583753,-1.0487295832820545,-0.17437195557874055,-0.22761551141231687,-0.2674374412500314,1.083756730505603,0.6914333672962905,-0.8739831397550878,1.574175516507874,-0.638243156593567,0.9246214006063114,0.6925714536123898,-0.27783615987088706,0.7639973587592186,-0.7808644114171376,1.359547967009737,1.6252196548580282,-1.0221551047400568,2.1369617215420424,1.3167472051216285,-0.18775632640316894,-0.7825541649726758,0.012424952660638568,3.112547417499322,-0.2957242946437299,-1.0774826867040397,-1.0247698855679466,0.4052446838484067,0.3199218530711443,0.09561327866128384,-1.1102948747943888,0.11084025136080009,-1.7020100276633712,-0.49466898435822965,0.24343795965728882,-0.5335377361092289,0.24383548299314697,-0.44391015723742216,-0.1684296400204013,0.6818630116626108,0.8588344655069617,0.5893327945600979,-0.5994524581349102,0.121404555738389,-1.2848190125010457,1.401064527315947,-0.5653255124226725,-1.7059770507592011,-0.8739682387656398,-1.6466569426643032,1.3339241751509698,0.9261656013786342,-1.739265355869971,0.5859453715460756,1.8656049395162733,0.21097989508640022,-0.25991571733865504,-1.43597608810292,-0.06894790954058373,0.5515659903968106,-0.6479423636582613,0.42929340303279684,1.163520725672127,0.6112536084437739,1.3024235822958037,2.402844181916786,-0.16249449746123815,-0.0033348778316758506,-1.734585893065753,0.374810463627713,-0.1101844659271389,0.26722170491830477,0.6097109945381471,1.9608457677081153,-0.42388729838727907,0.14667465836965263,1.0285479428138629,-1.4490833304856292,0.3330723008340685,-1.55642814345032,0.7069600501805166,-0.9517020133306724,2.1263013232014907,1.4983039377171656,0.8518950494532991,1.636056652701603,1.153226279879347,-1.1854862887480386,0.1884237902787691,0.22111089469496284,0.07581498741864186,0.4863122650197423,-0.8708186001601067,-0.888779011666766,0.5428367633539289,-0.1163013227492838,0.6217546873517503,-0.2624287272561981,-1.1155208412706552,2.9104364237219,0.36494782282239896,0.9071792778239506,-2.1824772683864273,-0.22541735538133223,-0.8534722377399724,-1.4080383284691766,-0.414181487543902,-0.1507440628297349,-0.9408255840678136,1.2386370388662702,0.23269797406030895,-0.38187994509063755,0.02113654956698716]' AS distance FROM chunks ORDER BY embedding <=> '[-0.9146375282808532,1.9571445948765491,0.25944887250838433,-1.2687495454595543,0.780369442766579,-0.2512637901695626,-0.31369296449501854,-0.2870601322532767,-1.79003134613675,0.927723923214404,1.044605613346381,1.5744438898518438,0.8039827870258814,0.2699208362378133,-0.0416768077239198,0.5583399356349825,-0.5539244357374905,0.5893319242991096,-1.1834938167415294,0.6760215220466823,1.8592452068877487,-0.26884563913943776,1.2530168938245925,-0.5333261501050484,-1.2259716424713196,0.31608701046639076,-1.2760385488814798,-0.023770587052892124,-0.7264126694071779,0.5785587273495862,-0.32745895220266497,0.7218683315988128,-0.39878567253004543,-0.4581758302667682,0.21580785195585078,-0.2898665341492524,1.3245814465137922,-1.3440489427638556,-1.8792734187332,0.6791161847225148,0.20820098611673815,-0.3084452579912774,-0.31756328534437295,-1.1072149207014088,-0.23278413198519637,-0.5569911882084099,2.8821814165556874,-1.483155231533872,0.6770506427536789,-0.6412346753532963,0.2820837631287337,1.0416022570226782,2.324900126041117,0.8074413725229229,-0.08894739415626901,0.8598404293331607,1.389238176261634,0.6637108574852496,-1.8134137367301904,1.4219269405384176,0.2148173800197946,1.073847819762242,1.99741750916986,-0.27863492060118783,0.3892785372269881,-1.39580774300388,0.15862139516013438,-0.6286032690635468,-1.5947759463312645,0.878684725564257,-1.122003475666063,1.736511760743132,0.6397786428366398,-0.4822360664319006,0.2902902666807049,0.9424982688830097,0.5010433873887962,-0.033623652628438264,-0.5227948964255178,0.5939352856800402,1.487613151271961,0.8617175780921646,0.3798550059359813,-0.7930507701125176,0.7453062329710263,-0.1610494122391525,-0.0663549265422442,0.43361198350385705,-0.6571057329672616,0.1240254002087311,-0.08021984250117575,-0.824449745509991,-0.5209547580736036,0.9772370944672295,-2.523604883463707,-0.5589797721292187,0.3900607487091676,-0.2723680867217164,-0.29036547685109126,-0.45529203319896716,0.9210871857261113,0.7035605268214339,-0.39749978184632945,-0.4883183571186597,-2.582029402472922,1.1946553452840636,0.74508012167611,0.6315511131524753,-0.132030577038363,-1.536666054345816,0.8136748592231855,-0.3864575967577964,-1.4726103653878229,-1.5041139497148648,-2.5287625040303965,-0.7381071289133682,0.6931294488257586,-0.7747015708342356,1.5299497206537302,-0.6561265303511563,0.9372084215854675,-0.023583703876882,0.2408720887190078,-1.031931257122567,-0.6561047228780783,-1.2540509994375502,-0.7077824798271859,-0.14130420010410055,-1.8692748943014852,-0.6575698947727441,0.027129149966510422,0.39090735904603907,0.9316892341702318,0.3413770207841027,-1.0156476706465338,-1.4116557353984522,-1.4579097029395833,-0.52751155039518,-0.3644278869096134,0.9107206859553282,0.23882659202704848,0.799908111136713,1.7571098258211402,0.9090917921288123,-0.24633281823235229,0.02492880829385703,-0.3173149993907223,0.015173418519381492,0.06904385910736216,0.3455614599816614,-2.302838800058561,1.4567214898938774,-1.1982980632573144,0.11023403754478314,-0.449065287306742,-0.6913761863723418,0.9586618550582231,-0.4267891777687193,-0.28749915316205005,1.4525884935368956,-0.022487877646476112,-0.9433272520146133,-0.2358375035090596,0.6884421718345205,-1.0467788372508806,0.9793087181435755,-2.5789831072483347,0.5815460856805955,-1.847919024958943,0.7151224664773782,1.8892766460421224,-1.713561694934484,0.7069478003117682,-0.951615517017089,0.8981595930170866,-1.7837754801362393,0.5881477394522293,-0.055972164712336216,-1.0539257613982937,-0.30091178636181953,-0.7664674563289151,0.6152183673774593,-0.8488559086695622,0.8534925628213099,1.8479188884920432,0.006612655462372695,-1.4144954427950136,0.17320737961739252,0.09628759153376415,0.037698497406527115,-1.6003880137476618,-0.2541634177484578,-0.060728486600247385,0.32172498826487955,0.5101108127644676,-0.1862206261482203,0.724877166636934,0.05312800403575521,0.1518470129991207,0.7725850953399388,-0.9561393402356984,0.639601347243883,-2.233424035285951,-1.4835982327641937,1.6676575799746753,0.38309447519516243,0.8429078965580084,-1.0327002065900708,1.9657570165193237,1.5391770234744948,0.737455505542778,1.2583648944783392,-1.1026321379331174,-1.2280305502061752,0.5131623573327688,0.09923763912178227,-1.2489303783300922,1.2267629969456928,-0.8606781427389033,1.1119278747744639,-0.4221617258132225,-1.8687841869578508,1.5034481986448636,-0.5561370218830453,0.013730788609759705,-0.3460804324498365,-0.022280932798016646,1.6130474998909912,-1.4000764588991392,0.6175114461824358,1.1389879785063837,1.122577293003047,1.2341741213291986,-1.8117464730584285,1.3184535983570462,0.4423505435068589,-0.32161288266106275,0.21399715068357994,0.9549084115717651,-0.3169767204776235,0.3299343039211933,0.28429518239911755,0.7396364150863346,-0.8525900995036126,0.6806166597066606,-1.5606031464408863,-0.455000072815974,-0.5514142767582652,-0.017995988384225007,-1.7417841901310587,-0.8778647152703911,-0.47648855919903405,0.2039307814672084,0.2161282524322983,-1.0126386561450278,-0.16588289004244733,-0.0006431671594421036,0.2532820657000879,-0.21932463108052158,0.19730373297030018,-0.01940188006318698,0.582208792651536,0.029768598163285014,0.5542467245487195,-0.7474021428939398,-0.07842192183040998,-0.8341157950398554,1.288337214636508,-0.4496248695915834,-0.17547074356703385,-1.0501464621877439,1.1508667524808862,-1.4433404971802053,0.6171805746781812,0.6353913850057883,0.013390514541506955,-0.12483650683180388,1.1404359430204605,0.21347456950381713,0.05162107235402932,0.6052629590159031,-0.7337165796996445,0.19839631318298534,-0.6714722986766254,0.7950999193048585,0.987025695600494,-1.9503992759828954,-1.0974248731157097,0.6073153029962578,1.4052291282655582,1.192592056482034,-0.01981269560921806,1.1339206326816587,-0.8804988545416458,-0.5539254959696924,-0.9382173358185499,-2.120247493696509,0.3039064628816388,0.22392915669341346,0.17087377826940753,-0.7002509266250213,0.7807936450790308,0.8995196008244754,0.6293373581013906,-0.3054234963039329,0.2887644693305484,-0.9686826980137725,1.243324563709513,-0.4780960975775964,-1.6473018914755226,0.4218857593303702,-0.20197311839226195,2.683623551189614,-3.3010729408349477,-0.06589327336797664,-0.3539524876571675,-0.7760812360545303,-0.6963759556493169,-0.5229097828855116,0.02547370255548287,-1.545646048396275,0.6780239622440272,-0.3116649984957216,-0.7226062349211542,0.22695643038077576,1.574648352670964,-0.48297816235412,-0.8484463339631972,-1.026418767372404,-0.5056180292578037,0.1081331267406239,1.0760206347887717,-1.0084796521372654,0.09711325312015023,-0.14289923411666564,-0.4211151332564324,-1.2111844335545465,-0.3585272600172995,-0.09122542524214981,-0.3582033310272819,0.6768145124889667,0.047298241622625734,-0.46527077817403256,-1.10886263153892,-0.9815489059703947,0.29838281281808665,0.8470811479964209,1.4202847905894516,-0.8461047668523367,1.6211033087088673,1.7754188633492944,0.9411405726408891,-0.8468278024616508,-0.6604443891907067,1.0365404432832332,1.4481716568370597,-0.39857734767699177,0.6069988770847138,1.4724744654335715,0.042266418857025756,-1.4412553245009039,0.9207511481990791,1.586949773676483,1.1342084534891705,-0.6026861913117988,-0.9658649564523208,-0.4479957192064875,1.2045137767559229,0.055620376285204616,-1.2443572931855813,1.6544804696073911,-0.4529322937087896,2.2750337375811096,-1.583749361448803,-0.25971874333537764,0.7554704781570686,-0.032094309702823585,0.6632717048599086,-0.8613182013432921,-0.28988139776632055,0.3916827171397714,-0.5099416823236165,-1.2904059921556725,1.0864415550407214,0.1778111672249355,-0.20880280264704637,-0.2983654853833727,0.9934004253074792,0.7820294763308443,-1.721797454845697,2.3346165804686674,-0.9465720593982513,-0.9016736598221562,-1.8908668948712088,-0.05696364753155683,-0.33321177628822257,0.48727357151328027,0.8854117680474476,0.07945912352194175,-0.9289995986168442,-0.9617837618158991,0.23072153004120652,-0.6600820045194242,0.2894931115482888,0.7227665234729994,2.0474696488058846,-0.7195791340912853,1.2550527149619914,-0.14811550518990776,0.29707378594118605,-0.44013425518049754,0.2651176297839759,1.9721776255047712,0.9139829757032253,0.7050375806987053,0.08135439499488611,-2.066823037726928,0.3740444556437283,-0.043969622325447065,1.1550407657793254,1.142537066133465,-0.8274044582544184,-0.5368744923005518,0.21826988281758017,-1.1322157392952983,0.6651344897912306,1.0832330241964339,0.599763432965262,-2.486532383103088,-0.5686443162422818,-0.21961662212348032,-1.4315726685647967,-0.007927311843145775,0.38669355585074566,-0.16616075321391452,0.9787480992758869,-1.5709193561722972,0.2455843726320956,2.297397447723166,-0.06748076697641911,0.8151005404422411,-1.9350824766617643,0.29055589038708357,0.4631600390419717,-0.20611265073777457,0.002209423855344361,-0.9472868001524646,-0.6305299829285743,-0.8203637167746234,0.07632060925070158,0.058605857162445894,0.6552415868404668,1.245138598810617,1.379170612408228,-0.6462392085377426,0.3861744339870195,-1.1584384194344934,-1.6623364017852695,0.8634614241004398,0.176554217535477,-0.621183679857491,0.6854971246061661,1.9938596706285918,0.3235844068047951,-2.006520787470523,-0.32256328739118173,0.36907747800345214,0.6769329246434945,0.3910125524504648,-2.5967552972205996,0.21197939371367455,-0.5257370531937762,0.5403914810616003,-0.2736930290744165,0.30065582879279823,-0.37129836630137447,-0.3083241349550651,-0.6389884905431304,-0.06702588760583639,-0.28812442725817705,0.4515140728679972,0.514973767748802,2.4336848854885154,-0.19909628709392366,0.33455474484463393,1.2059782438865951,0.018841292248186866,-1.065159389286573,0.10595080277095137,-0.6215722184872112,-0.44757556195521725,1.3891642375558053,-1.3707128714513972,1.244031254180465,-0.29461754953779923,-0.8668391604880294,0.27078558209989423,-1.1993624204332227,-0.5891595625567585,-0.37254982728777897,1.267573977712497,1.041123054008205,2.175500749504951,0.7043814116627989,0.6147313459948666,-3.0363950437045215,0.13035427660053978,0.9167567725164503,0.9825379834663006,0.3236393592431451,-1.1593842819324383,0.23595746533354844,0.1615997351074252,-1.768060670524036,-0.2758914301661206,0.2129445458962961,1.3166143712394138,-0.5260484779498573,0.041387805566442774,-0.26762871358108115,-0.40087329188212745,-1.8732906011987922,1.7977659501348882,-0.10600236791876888,0.20835325249467496,-1.1659722836717277,-0.875593419711739,0.13987816738938552,-0.7366602525776508,-0.08446356972921944,-0.33377904129219527,-1.6673242592135127,1.7348114912497534,-0.4148561486962834,-0.6474427655560683,-1.3402364261577175,1.0474820272121739,-0.43483264319681747,-1.177664108214571,-0.15961894745525723,-0.7562957613077216,-1.8347396625465102,-0.08578713913267949,-0.10318263271817839,0.2710938915306588,-0.4271449245348998,0.4906656936851508,0.05071757698721619,0.1943345086959921,0.7245449679860381,1.9521855606919656,0.4503356190494865,-0.23905310078138303,-0.10233160305894828,0.07990584285876692,-1.4931837153215166,1.2757965473890722,-1.2117572069102898,0.5435859144963301,-1.1452322516537363,0.3395702021004247,-1.015239932187433,2.702887282812323,-0.3184746832625021,0.5678073932284095,2.191682307180395,0.0049096409961730016,-1.5403571024601586,1.3255830543198523,0.6474507389562889,0.1391367187184751,1.143194214499203,-2.144997228604567,-1.2995959330976603,0.5619645580015875,-1.209860136748192,-0.10859166101817201,0.8918780900803519,-0.3925104988121648,-0.3540166536462994,0.40581882697286936,0.08920243696705016,-0.5050211005267882,-1.4726622989799503,0.37377871450978584,-0.27807519527742913,-0.010678100267024716,0.5181782644110042,-2.1338254962080465,0.816088327715342,-0.18279525963020726,-0.28689595257535816,0.7698683112509117,-0.7401672718186247,-0.44861179928746286,-0.6163359066391987,-1.0043465757216699,1.0698244664713468,1.0758590863313153,1.083471868689742,-0.04288633184901782,1.2949206432253477,-0.3191763537837565,-1.1194898192291303,-0.5695350434949589,-1.2050855610508338,0.608094173131558,-0.6136292253325165,0.2656720445725399,1.2408847037980333,-0.3474136272565,-0.25155598267635276,0.7389906385332835,-0.3064352880810599,1.0623776805236784,1.303739757124819,-0.30521909378688167,0.41571912252665866,1.3995115318993148,-0.15463087485579266,0.9021413386860179,0.13950856587274651,0.051379080980809226,-0.8803639310889839,-0.14199715338388372,-1.3161259945677204,-0.33108451286569757,-1.063349693655314,-0.17926813064198213,0.8874304547186351,-0.02643463160928733,-0.7030677417105575,0.5647527550963931,1.1579685976214957,0.02973537865878814,0.18666642159723026,2.3482348527791674,-0.2981080315318612,0.9217852057597535,-0.042201770402268884,0.6639922884705735,0.6077705176677896,-0.3341911602744182,-2.0075393015422383,0.18077225124351418,0.3474951843189592,-0.5132165758342566,0.42753745019712613,0.6516104231908599,-0.8794917595011508,1.621642782790338,-0.8456668504631947,-0.7578720307257933,0.4311741827789323,1.0052458324794158,-2.096416947539272,0.7678171212050064,-0.30700656484854993,0.9293207597344426,0.1881958650491578,0.06043093241073289,1.4310333880613912,0.11081641360555072,0.8598448144582336,-2.4143207101062196,0.5816275972212444,0.34756352511385785,-1.298408865028731,0.1431741954986083,-1.3488145804288278,-1.4721947775927444,-0.5897448074913237,-0.8667459143169427,-1.7967308884209598,-0.4079506148137567,-1.4741123755969319,-0.5111711066921427,0.23277767274978267,0.10066564243252749,0.26233966150422144,0.16000107319113974,1.4702129455728072,-0.4687918086471625,0.9854352601828793,0.8999936026200167,0.8192018967745416,-0.13604713678704528,-1.036509735412651,0.6823015625195872,-1.9219426119408722,2.0710109103739662,0.32394081384088314,-1.4408389916638726,0.0074004159173200286,0.3283775830656449,-0.8305067698604647,-0.9117206560753888,0.43814319701500937,0.6702741940181549,0.155450365774965,-0.687609505813866,0.37370270479804857,0.6709313039650827,-0.2498166594331724,-0.03721006310051701,-1.701371894452502,0.42050138926870484,1.3340327525662214,-0.3631858180180161,0.9111957499448713,1.4835133204005584,-0.21144283302681807,-0.46145476923909534,0.721422078013076,-0.16025454391882066,1.130203787417924,-0.3736282539714886,-0.7199582499089685,-2.2372409993825175,1.361192898820323,-0.7672052988218196,0.29560337909384954,-0.6775579940416,-0.5509142025122263,-1.8756903328285477,0.770277716947855,-0.28639864338197774,-0.2239187419244895,-0.4354915003498425,-0.06653764395465663,-0.7133019240507428,-0.34756040805446,-0.9947685190483875,1.0894482400729188,0.16247732192908004,0.5695007249930214,0.026820113501111176,-0.21509521869938666,0.9922740793476972,-1.5131191706440965,2.431168461675056,0.4934640405473976,2.5755231915744354,0.18811811579874693,0.1214111263530598,-0.07136165625232782,0.2572267379646803,0.7673427213444107,-0.843619291616524,0.7384989616182616,1.0490227324174233,0.6602416861524312,-1.6458252693113138,-0.662359122672013,-0.588003747742515,0.11727233418178576,0.339029877559868,0.609858494583049,-0.5314415546429997,0.07088794814130152,-1.518063864322944,-0.150439002944102,0.5987089506778761,-0.5063773170344738,-0.3389086846987454,-0.09342093928388057,0.33693222973624354,0.7174069286340747,1.0104032080025136,-0.24685255007661075,0.3796841451737701,2.391305609223385,0.7498755692175253,-1.448218800339963,0.22989657973369493,0.8089489706628368,0.517335143042265,0.6301064701823162,1.136096794081504,0.6686352871033562,0.034671838133080404,-2.014419630626464,0.39276355299551907,0.572434861876535,1.7810331338416312,-1.0591989653359313,-0.28114423842087327,-0.6995145362659093,0.1059829623981571,1.2946832907598589,-1.697692162111412,-0.11726891058331501,0.8979022507497971,-0.22552600580889584,0.7024943004621818,0.1742734719043372,-0.312687931200076,0.2477356888978526,-1.670269392754192,-1.0649413234035652,0.8409730111455999,-1.172405912614189,-0.5211209157688699,0.2723001713541166,1.1218411096193863,0.4311893968249721,2.1765073821107217,-1.0345584465595332,0.2516265173814742,-0.6976157552742224,-1.1370651365404154,-0.17894038660004888,0.12376722863640202,0.6022388541666195,-0.4367042609283429,-1.0865320524860105,-1.2721993397695752,-0.30172231968511476,0.921219934248476,0.04396460672183356,0.41690497336873794,-1.177528465772394,-0.8704329218412279,-0.4963558705156071,-1.0509633928340656,-0.5763619517450973,0.5704509892502827,1.0981527533842523,-0.9654147652023287,-0.2882886351063523,-1.0392990122304082,-0.9980793275801162,-1.4299161241379528,-0.019765465076725816,-1.2064117928179057,0.25511768942273383,1.4227290037310056,-0.6714175865575586,2.5710765874122856,-0.6768389890420526,-1.0239941961986843,-0.4589550124130979,0.36312632311979587,1.5166641340429805,0.06548815148527486,-0.3933789976724443,-0.2014458402333748,0.4887670206210373,-0.9083229404869263,1.4626524615511736,-0.10697778407349282,1.3955721205482081,0.9469082787879148,-0.6130400568235289,1.972560577582806,0.2884285526961608,2.1647624436052197,-0.6589597337681179,0.7633284371322506,1.4010230194616855,-1.2620575303584274,0.7988490701058982,-0.16154507319157768,2.140255096405457,-3.9317879927183434,0.6465834715258995,-0.5985556634018958,-1.8448507734198247,0.49918332814681876,0.3570187600418934,0.11910891072355355,0.4921307799886045,0.5299646058158957,-0.10067100390905648,1.0470941065985735,-0.1246544573005669,-1.8305432215551047,-0.6069018347907201,0.9730291876039215,1.2599795549297685,-1.1586925477692491,0.45480650220397933,0.9258167942718512,-0.7435180429547753,-0.057581340878841765,1.672096161356281,1.2510198555151175,0.0878421921928336,2.1486733085521474,-0.1526537008055103,0.9612101358753644,1.8259418768727822,-1.431419682802457,-0.5132968712583779,0.36844174233742266,-0.34779763955007387,0.670738597641946,1.7069558005568213,-0.8254989328042447,-0.6783331767242384,0.9188860359299299,0.9537480706041974,0.8299157957916513,-0.4970368930015929,-0.6392786038170527,-1.88960550851792,0.42659547163722883,-0.3285676720771243,-1.4509095864031878,-0.6799635242738913,0.23925233965028853,-0.3196096201583753,-1.0487295832820545,-0.17437195557874055,-0.22761551141231687,-0.2674374412500314,1.083756730505603,0.6914333672962905,-0.8739831397550878,1.574175516507874,-0.638243156593567,0.9246214006063114,0.6925714536123898,-0.27783615987088706,0.7639973587592186,-0.7808644114171376,1.359547967009737,1.6252196548580282,-1.0221551047400568,2.1369617215420424,1.3167472051216285,-0.18775632640316894,-0.7825541649726758,0.012424952660638568,3.112547417499322,-0.2957242946437299,-1.0774826867040397,-1.0247698855679466,0.4052446838484067,0.3199218530711443,0.09561327866128384,-1.1102948747943888,0.11084025136080009,-1.7020100276633712,-0.49466898435822965,0.24343795965728882,-0.5335377361092289,0.24383548299314697,-0.44391015723742216,-0.1684296400204013,0.6818630116626108,0.8588344655069617,0.5893327945600979,-0.5994524581349102,0.121404555738389,-1.2848190125010457,1.401064527315947,-0.5653255124226725,-1.7059770507592011,-0.8739682387656398,-1.6466569426643032,1.3339241751509698,0.9261656013786342,-1.739265355869971,0.5859453715460756,1.8656049395162733,0.21097989508640022,-0.25991571733865504,-1.43597608810292,-0.06894790954058373,0.5515659903968106,-0.6479423636582613,0.42929340303279684,1.163520725672127,0.6112536084437739,1.3024235822958037,2.402844181916786,-0.16249449746123815,-0.0033348778316758506,-1.734585893065753,0.374810463627713,-0.1101844659271389,0.26722170491830477,0.6097109945381471,1.9608457677081153,-0.42388729838727907,0.14667465836965263,1.0285479428138629,-1.4490833304856292,0.3330723008340685,-1.55642814345032,0.7069600501805166,-0.9517020133306724,2.1263013232014907,1.4983039377171656,0.8518950494532991,1.636056652701603,1.153226279879347,-1.1854862887480386,0.1884237902787691,0.22111089469496284,0.07581498741864186,0.4863122650197423,-0.8708186001601067,-0.888779011666766,0.5428367633539289,-0.1163013227492838,0.6217546873517503,-0.2624287272561981,-1.1155208412706552,2.9104364237219,0.36494782282239896,0.9071792778239506,-2.1824772683864273,-0.22541735538133223,-0.8534722377399724,-1.4080383284691766,-0.414181487543902,-0.1507440628297349,-0.9408255840678136,1.2386370388662702,0.23269797406030895,-0.38187994509063755,0.02113654956698716]' LIMIT 5

  Limit  (cost=28.11..62.41 rows=5 width=56) (actual time=0.902..0.936 rows=5 loops=1)
    ->  Index Scan using ix_chunks_embedding_hnsw on chunks  (cost=28.11..8087.50 rows=1175 width=56) (actual time=0.901..0.934 rows=5 loops=1)
          Order By: (embedding <=> '[-0.9146375,1.9571446,0.2594489,-1.2687496,0.78036946,-0.2512638,-0.31369296,-0.28706014,-1.7900313,0.92772394,1.0446056,1.5744439,0.8039828,0.26992083,-0.04167681,0.55833995,-0.55392444,0.5893319,-1.1834939,0.6760215,1.8592452,-0.26884565,1.253017,-0.53332615,-1.2259717,0.316087,-1.2760385,-0.023770588,-0.72641265,0.57855874,-0.32745895,0.72186834,-0.39878568,-0.45817584,0.21580786,-0.28986654,1.3245815,-1.344049,-1.8792734,0.6791162,0.20820099,-0.30844525,-0.3175633,-1.1072149,-0.23278414,-0.55699116,2.8821814,-1.4831553,0.67705065,-0.6412347,0.28208375,1.0416023,2.3249002,0.80744135,-0.08894739,0.85984045,1.3892381,0.66371083,-1.8134137,1.421927,0.21481737,1.0738478,1.9974174,-0.2786349,0.38927853,-1.3958077,0.1586214,-0.6286033,-1.5947759,0.8786847,-1.1220034,1.7365117,0.6397786,-0.48223606,0.29029027,0.94249827,0.5010434,-0.033623654,-0.5227949,0.5939353,1.4876132,0.8617176,0.379855,-0.79305077,0.74530625,-0.16104941,-0.06635492,0.433612,-0.65710574,0.1240254,-0.08021984,-0.8244497,-0.5209548,0.9772371,-2.5236049,-0.55897975,0.39006075,-0.27236807,-0.2903655,-0.45529205,0.9210872,0.70356053,-0.39749977,-0.48831835,-2.5820293,1.1946553,0.7450801,0.6315511,-0.13203058,-1.536666,0.81367487,-0.3864576,-1.4726104,-1.5041139,-2.5287626,-0.73810714,0.6931294,-0.7747016,1.5299497,-0.65612656,0.9372084,-0.023583705,0.24087209,-1.0319313,-0.65610474,-1.254051,-0.7077825,-0.1413042,-1.8692749,-0.6575699,0.027129149,0.39090735,0.93168926,0.34137702,-1.0156476,-1.4116558,-1.4579097,-0.52751154,-0.3644279,0.9107207,0.23882659,0.7999081,1.7571099,0.9090918,-0.24633282,0.024928808,-0.317315,0.015173418,0.06904386,0.34556147,-2.3028388,1.4567215,-1.1982981,0.11023404,-0.4490653,-0.6913762,0.95866185,-0.42678916,-0.28749916,1.4525884,-0.022487877,-0.94332725,-0.2358375,0.6884422,-1.0467788,0.9793087,-2.578983,0.58154607,-1.847919,0.71512246,1.8892766,-1.7135617,0.7069478,-0.9516155,0.89815956,-1.7837754,0.58814776,-0.055972166,-1.0539258,-0.30091178,-0.76646745,0.61521834,-0.8488559,0.85349256,1.8479189,0.0066126552,-1.4144955,0.17320737,0.09628759,0.037698496,-1.600388,-0.2541634,-0.060728487,0.32172498,0.5101108,-0.18622063,0.7248772,0.053128004,0.15184702,0.7725851,-0.9561393,0.63960135,-2.233424,-1.4835982,1.6676576,0.3830945,0.8429079,-1.0327002,1.965757,1.5391771,0.7374555,1.2583649,-1.1026322,-1.2280306,0.5131624,0.099237636,-1.2489303,1.226763,-0.86067814,1.1119279,-0.42216173,-1.8687842,1.5034482,-0.556137,0.013730789,-0.34608042,-0.022280933,1.6130475,-1.4000765,0.61751145,1.138988,1.1225773,1.2341741,-1.8117465,1.3184536,0.44235054,-0.3216129,0.21399716,0.95490843,-0.31697673,0.3299343,0.28429517,0.7396364,-0.8525901,0.6806167,-1.5606031,-0.45500007,-0.55141425,-0.017995989,-1.7417842,-0.8778647,-0.47648856,0.20393078,0.21612824,-1.0126387,-0.16588289,-0.0006431672,0.25328207,-0.21932463,0.19730373,-0.01940188,0.5822088,0.029768597,0.5542467,-0.74740213,-0.07842192,-0.8341158,1.2883372,-0.44962487,-0.17547074,-1.0501465,1.1508667,-1.4433405,0.6171806,0.6353914,0.013390515,-0.124836504,1.1404359,0.21347457,0.051621072,0.60526294,-0.7337166,0.19839631,-0.6714723,0.7950999,0.9870257,-1.9503993,-1.0974249,0.6073153,1.4052291,1.192592,-0.019812696,1.1339207,-0.8804988,-0.5539255,-0.93821734,-2.1202476,0.30390647,0.22392915,0.17087378,-0.7002509,0.78079367,0.8995196,0.6293374,-0.3054235,0.28876448,-0.9686827,1.2433245,-0.4780961,-1.6473019,0.42188576,-0.20197313,2.6836236,-3.3010728,-0.06589327,-0.3539525,-0.77608126,-0.69637597,-0.52290976,0.025473703,-1.5456461,0.67802393,-0.311665,-0.72260624,0.22695643,1.5746484,-0.48297817,-0.8484463,-1.0264188,-0.50561804,0.10813313,1.0760206,-1.0084796,0.09711325,-0.14289923,-0.42111513,-1.2111844,-0.35852727,-0.09122542,-0.35820332,0.6768145,0.04729824,-0.4652708,-1.1088626,-0.9815489,0.29838282,0.8470811,1.4202847,-0.84610474,1.6211033,1.7754189,0.9411406,-0.8468278,-0.6604444,1.0365404,1.4481716,-0.39857736,0.60699886,1.4724745,0.042266417,-1.4412553,0.92075115,1.5869498,1.1342084,-0.60268617,-0.96586496,-0.44799572,1.2045138,0.055620376,-1.2443573,1.6544805,-0.4529323,2.2750337,-1.5837494,-0.25971875,0.75547045,-0.03209431,0.6632717,-0.86131823,-0.2898814,0.3916827,-0.5099417,-1.290406,1.0864415,0.17781116,-0.2088028,-0.29836547,0.99340045,0.78202945,-1.7217975,2.3346167,-0.94657207,-0.9016737,-1.8908669,-0.05696365,-0.33321178,0.48727357,0.88541174,0.07945912,-0.9289996,-0.96178377,0.23072153,-0.660082,0.2894931,0.7227665,2.0474696,-0.71957916,1.2550527,-0.1481155,0.29707378,-0.44013426,0.26511762,1.9721776,0.913983,0.7050376,0.081354395,-2.066823,0.37404445,-0.043969624,1.1550407,1.1425371,-0.82740444,-0.5368745,0.21826988,-1.1322157,0.6651345,1.083233,0.59976345,-2.4865324,-0.56864434,-0.21961662,-1.4315727,-0.007927312,0.38669357,-0.16616075,0.9787481,-1.5709194,0.24558437,2.2973974,-0.067480765,0.81510055,-1.9350824,0.2905559,0.46316004,-0.20611265,0.0022094238,-0.9472868,-0.63053,-0.8203637,0.07632061,0.058605857,0.6552416,1.2451386,1.3791707,-0.6462392,0.38617444,-1.1584384,-1.6623363,0.86346143,0.17655422,-0.6211837,0.6854971,1.9938596,0.3235844,-2.0065207,-0.3225633,0.36907747,0.67693293,0.39101255,-2.5967553,0.21197939,-0.52573705,0.5403915,-0.27369303,0.30065584,-0.37129837,-0.30832413,-0.6389885,-0.067025885,-0.28812444,0.45151407,0.51497376,2.4336848,-0.19909629,0.33455473,1.2059783,0.018841293,-1.0651594,0.1059508,-0.6215722,-0.44757557,1.3891642,-1.3707129,1.2440313,-0.29461756,-0.8668392,0.27078557,-1.1993624,-0.58915955,-0.37254983,1.267574,1.041123,2.1755006,0.7043814,0.6147314,-3.036395,0.13035427,0.91675675,0.982538,0.32363936,-1.1593843,0.23595746,0.16159974,-1.7680607,-0.27589142,0.21294455,1.3166144,-0.5260485,0.041387804,-0.2676287,-0.4008733,-1.8732907,1.797766,-0.10600237,0.20835325,-1.1659722,-0.8755934,0.13987817,-0.73666024,-0.08446357,-0.33377904,-1.6673243,1.7348115,-0.41485614,-0.64744276,-1.3402364,1.047482,-0.43483263,-1.1776642,-0.15961894,-0.75629574,-1.8347397,-0.08578714,-0.103182636,0.2710939,-0.4271449,0.4906657,0.050717577,0.1943345,0.72454494,1.9521855,0.45033562,-0.2390531,-0.1023316,0.079905845,-1.4931837,1.2757965,-1.2117572,0.5435859,-1.1452322,0.3395702,-1.01524,2.7028873,-0.31847468,0.5678074,2.1916823,0.004909641,-1.5403571,1.3255831,0.64745075,0.13913672,1.1431942,-2.1449971,-1.299596,0.5619646,-1.2098601,-0.10859166,0.89187807,-0.3925105,-0.35401666,0.40581882,0.089202434,-0.5050211,-1.4726623,0.3737787,-0.2780752,-0.0106781,0.5181783,-2.1338255,0.8160883,-0.18279526,-0.28689596,0.7698683,-0.74016726,-0.4486118,-0.6163359,-1.0043466,1.0698245,1.0758591,1.0834719,-0.04288633,1.2949207,-0.31917635,-1.1194898,-0.569535,-1.2050855,0.60809416,-0.6136292,0.26567206,1.2408847,-0.34741363,-0.25155598,0.73899066,-0.3064353,1.0623777,1.3037398,-0.30521908,0.41571912,1.3995116,-0.15463087,0.90214133,0.13950856,0.05137908,-0.88036394,-0.14199716,-1.316126,-0.33108452,-1.0633497,-0.17926814,0.8874304,-0.026434632,-0.7030677,0.56475276,1.1579686,0.029735379,0.18666643,2.348235,-0.29810804,0.92178524,-0.04220177,0.6639923,0.6077705,-0.33419117,-2.0075393,0.18077224,0.3474952,-0.51321656,0.42753744,0.65161043,-0.87949175,1.6216428,-0.8456668,-0.75787205,0.4311742,1.0052458,-2.096417,0.76781714,-0.30700657,0.92932075,0.18819587,0.060430933,1.4310334,0.11081641,0.8598448,-2.4143207,0.5816276,0.34756353,-1.2984089,0.1431742,-1.3488146,-1.4721948,-0.5897448,-0.8667459,-1.7967309,-0.4079506,-1.4741124,-0.5111711,0.23277767,0.100665644,0.26233965,0.16000107,1.4702129,-0.4687918,0.98543525,0.8999936,0.8192019,-0.13604714,-1.0365098,0.6823016,-1.9219426,2.0710108,0.3239408,-1.4408389,0.007400416,0.32837757,-0.83050674,-0.91172063,0.4381432,0.6702742,0.15545036,-0.6876095,0.3737027,0.6709313,-0.24981666,-0.037210062,-1.7013719,0.42050138,1.3340328,-0.36318582,0.91119576,1.4835134,-0.21144283,-0.46145478,0.7214221,-0.16025454,1.1302038,-0.37362826,-0.71995825,-2.237241,1.361193,-0.7672053,0.29560336,-0.677558,-0.5509142,-1.8756903,0.77027774,-0.28639865,-0.22391874,-0.4354915,-0.06653764,-0.7133019,-0.3475604,-0.9947685,1.0894482,0.16247733,0.56950074,0.026820114,-0.21509522,0.9922741,-1.5131192,2.4311686,0.49346405,2.5755231,0.18811812,0.12141113,-0.07136165,0.25722674,0.76734275,-0.8436193,0.738499,1.0490227,0.66024166,-1.6458253,-0.6623591,-0.58800375,0.11727233,0.33902988,0.6098585,-0.53144157,0.070887946,-1.5180639,-0.15043901,0.5987089,-0.50637734,-0.33890867,-0.09342094,0.33693224,0.7174069,1.0104032,-0.24685255,0.37968415,2.3913057,0.74987555,-1.4482188,0.22989658,0.808949,0.5173351,0.63010645,1.1360968,0.6686353,0.03467184,-2.0144196,0.39276356,0.57243484,1.7810332,-1.059199,-0.28114423,-0.6995145,0.10598296,1.2946833,-1.6976922,-0.11726891,0.89790225,-0.225526,0.7024943,0.17427348,-0.31268793,0.2477357,-1.6702694,-1.0649413,0.840973,-1.172406,-0.5211209,0.27230018,1.1218411,0.4311894,2.1765075,-1.0345584,0.25162652,-0.69761574,-1.1370652,-0.17894039,0.12376723,0.60223883,-0.43670425,-1.086532,-1.2721994,-0.30172232,0.92121994,0.043964606,0.416905,-1.1775285,-0.8704329,-0.49635586,-1.0509634,-0.57636195,0.57045096,1.0981528,-0.96541476,-0.28828862,-1.039299,-0.9980793,-1.4299161,-0.019765465,-1.2064118,0.25511768,1.422729,-0.6714176,2.5710766,-0.676839,-1.0239942,-0.45895502,0.36312634,1.5166641,0.06548815,-0.393379,-0.20144583,0.48876703,-0.90832293,1.4626524,-0.10697778,1.3955721,0.9469083,-0.61304003,1.9725605,0.28842854,2.1647625,-0.65895975,0.76332843,1.401023,-1.2620575,0.79884905,-0.16154507,2.1402552,-3.931788,0.6465835,-0.5985557,-1.8448508,0.49918333,0.35701877,0.11910891,0.4921308,0.5299646,-0.100671,1.0470941,-0.12465446,-1.8305433,-0.6069018,0.9730292,1.2599796,-1.1586926,0.4548065,0.9258168,-0.74351805,-0.05758134,1.6720961,1.2510198,0.08784219,2.1486733,-0.1526537,0.96121013,1.8259419,-1.4314197,-0.51329684,0.36844173,-0.34779763,0.6707386,1.7069558,-0.82549894,-0.67833316,0.91888607,0.95374805,0.8299158,-0.4970369,-0.6392786,-1.8896055,0.42659548,-0.32856768,-1.4509096,-0.6799635,0.23925234,-0.3196096,-1.0487295,-0.17437196,-0.2276155,-0.26743743,1.0837567,0.69143337,-0.87398314,1.5741755,-0.63824314,0.9246214,0.69257146,-0.27783617,0.7639974,-0.7808644,1.359548,1.6252197,-1.022155,2.1369617,1.3167472,-0.18775633,-0.78255415,0.012424952,3.1125474,-0.2957243,-1.0774827,-1.0247699,0.40524468,0.31992185,0.09561328,-1.1102948,0.11084025,-1.70201,-0.494669,0.24343796,-0.53353775,0.24383548,-0.44391015,-0.16842964,0.681863,0.85883445,0.5893328,-0.59945244,0.12140456,-1.284819,1.4010645,-0.5653255,-1.7059771,-0.87396824,-1.646657,1.3339242,0.9261656,-1.7392653,0.58594537,1.865605,0.2109799,-0.2599157,-1.4359761,-0.06894791,0.551566,-0.64794236,0.4292934,1.1635207,0.6112536,1.3024236,2.4028442,-0.1624945,-0.0033348778,-1.7345859,0.37481046,-0.11018447,0.26722172,0.609711,1.9608457,-0.4238873,0.14667466,1.028548,-1.4490833,0.3330723,-1.5564282,0.70696,-0.951702,2.1263013,1.4983039,0.85189503,1.6360567,1.1532263,-1.1854863,0.1884238,0.2211109,0.075814985,0.48631227,-0.8708186,-0.888779,0.5428368,-0.11630132,0.6217547,-0.26242873,-1.1155208,2.9104364,0.36494783,0.9071793,-2.1824772,-0.22541736,-0.85347223,-1.4080384,-0.4141815,-0.15074407,-0.9408256,1.2386371,0.23269798,-0.38187996,0.02113655]'::vector)
  Planning Time: 0.104 ms
  Execution Time: 1.001 ms

[Clean] Cleaning up test data...
[Success] Done!
